from_stop_id,to_stop_id,transfer_type,min_transfer_time
44554,44553,0,
44556,44555,0,
44558,44557,0,
44560,44559,0,
44563,44562,0,
44565,44564,0,
44567,44566,0,
44568,44566,0,
44568,44567,0,
44569,44566,0,
44569,44567,0,
44569,44568,0,
44571,44570,0,
44573,44572,0,
44574,44572,0,
44574,44573,0,
44577,44576,0,
44579,44578,0,
44581,44580,0,
44583,44582,0,
44585,44584,0,
44588,44587,0,
44591,44590,0,
44592,44590,0,
44592,44591,0,
44594,44593,0,
44596,44595,0,
44599,44598,0,
44601,44600,0,
44605,44604,0,
44607,44606,0,
44610,44609,0,
44613,44612,0,
44617,44616,0,
44619,44618,0,
44620,44618,0,
44620,44619,0,
44621,44618,0,
44621,44619,0,
44621,44620,0,
44625,44624,0,
44627,44626,0,
44628,44626,0,
44628,44627,0,
44629,44626,0,
44629,44627,0,
44629,44628,0,
44632,44631,0,
44634,44633,0,
44636,44635,0,
44638,44637,0,
44640,44639,0,
44646,44645,0,
44647,44644,0,
44649,44648,0,
44651,44643,0,
44654,44653,0,
44655,44645,0,
44655,44646,0,
44656,44645,0,
44657,44645,0,
44657,44656,0,
44659,44658,0,
44660,44650,0,
44661,44650,0,
44661,44660,0,
44663,44662,0,
44664,44656,0,
44664,44657,0,
44668,44667,0,
44670,44669,0,
44672,44671,0,
44674,44673,0,
44676,44675,0,
44679,44678,0,
44681,44680,0,
44683,44682,0,
44686,44685,0,
44688,44687,0,
44690,44689,0,
44692,44691,0,
44695,44694,0,
44697,44696,0,
44699,44698,0,
44700,44696,0,
44701,44696,0,
44701,44700,0,
44705,44704,0,
44707,44706,0,
44709,44708,0,
44713,44712,0,
44715,44714,0,
44717,44716,0,
44720,44719,0,
44723,44722,0,
44728,44727,0,
44730,44729,0,
44732,44731,0,
44735,44734,0,
44737,44736,0,
44739,44738,0,
44741,44740,0,
44743,44742,0,
44745,44744,0,
44747,44746,0,
44748,44744,0,
44748,44745,0,
44749,44744,0,
44749,44745,0,
44749,44748,0,
44752,44751,0,
44754,44753,0,
44756,44755,0,
44758,44757,0,
44760,44759,0,
44762,44761,0,
44767,44766,0,
44769,44768,0,
44775,44774,0,
44777,44774,0,
44777,44775,0,
44779,44778,0,
44781,44780,0,
44783,44782,0,
44784,44780,0,
44784,44781,0,
44785,44781,0,
44785,44784,0,
44787,44786,0,
44790,44789,0,
44793,44792,0,
44796,44795,0,
44798,44797,0,
44800,44799,0,
44803,44802,0,
44806,44805,0,
44809,44808,0,
44811,44810,0,
44813,44812,0,
44815,44814,0,
44819,44818,0,
44822,44821,0,
44827,44826,0,
44829,44828,0,
44831,44830,0,
44832,44830,0,
44832,44831,0,
44833,44828,0,
44833,44829,0,
44833,44830,0,
44833,44832,0,
44834,44828,0,
44834,44829,0,
44836,44835,0,
44838,44837,0,
44842,44841,0,
44848,44844,0,
44855,44854,0,
44857,44856,0,
44860,44859,0,
44862,44861,0,
44864,44863,0,
44866,44865,0,
44868,44865,0,
44868,44866,0,
44869,44865,0,
44869,44866,0,
44869,44868,0,
44870,44863,0,
44870,44864,0,
44870,44865,0,
44870,44866,0,
44875,44874,0,
44878,44876,0,
44881,44880,0,
44883,44882,0,
44885,44884,0,
44894,44893,0,
44896,44895,0,
44898,44897,0,
44902,44901,0,
44904,44899,0,
44905,44899,0,
44906,44899,0,
44906,44904,0,
44906,44905,0,
44912,44911,0,
44913,44911,0,
44913,44912,0,
44914,44911,0,
44914,44912,0,
44914,44913,0,
44917,44916,0,
44922,44921,0,
44924,44923,0,
44928,44921,0,
44928,44922,0,
44929,44923,0,
44929,44924,0,
44935,44934,0,
44936,44934,0,
44936,44935,0,
44939,44938,0,
44941,44940,0,
44944,44943,0,
44946,44945,0,
44949,44948,0,
44953,44952,0,
44959,44958,0,
44961,44960,0,
44964,44963,0,
44966,44965,0,
44968,44967,0,
44970,44969,0,
44972,44971,0,
44975,44974,0,
44980,44979,0,
44981,44979,0,
44981,44980,0,
44982,44979,0,
44982,44980,0,
44982,44981,0,
44984,44983,0,
44986,44985,0,
44988,44987,0,
44991,44990,0,
44994,44993,0,
44996,44995,0,
44998,44997,0,
45000,44999,0,
45004,45003,0,
45009,45008,0,
45011,45010,0,
45014,45013,0,
45016,45015,0,
45020,45019,0,
45022,45021,0,
45024,45023,0,
45027,45026,0,
45029,45028,0,
45030,45028,0,
45030,45029,0,
45032,45031,0,
45034,45033,0,
45038,45037,0,
45043,45042,0,
45045,45042,0,
45045,45043,0,
45049,45048,0,
45052,45051,0,
45056,45055,0,
45061,45060,0,
45064,45063,0,
45065,45062,0,
45068,45067,0,
45069,45067,0,
45069,45068,0,
45070,45067,0,
45070,45068,0,
45070,45069,0,
45072,45071,0,
45075,45074,0,
45078,45077,0,
45080,45079,0,
45084,45083,0,
45086,45085,0,
45087,45083,0,
45087,45084,0,
45087,45085,0,
45090,45089,0,
45092,45091,0,
45094,45093,0,
45097,45096,0,
45100,45099,0,
45102,45101,0,
45103,45101,0,
45103,45102,0,
45107,45106,0,
45111,45110,0,
45115,45114,0,
45117,45116,0,
45119,45118,0,
45121,45118,0,
45121,45119,0,
45123,45122,0,
45126,45125,0,
45128,45127,0,
45132,45131,0,
45135,45134,0,
45136,45133,0,
45138,45137,0,
45143,45142,0,
45145,45144,0,
45147,45146,0,
45149,45148,0,
45151,45150,0,
45154,45153,0,
45156,45155,0,
45158,45157,0,
45162,45161,0,
45163,45161,0,
45163,45162,0,
45165,45164,0,
45166,45164,0,
45166,45165,0,
45167,45164,0,
45167,45165,0,
45167,45166,0,
45174,45173,0,
45180,45179,0,
45182,45181,0,
45190,45189,0,
45193,45192,0,
45195,45194,0,
45197,45196,0,
45198,45196,0,
45198,45197,0,
45200,45196,0,
45200,45197,0,
45200,45198,0,
45203,45202,0,
45205,45204,0,
45211,45210,0,
45214,45213,0,
45216,45215,0,
45221,45220,0,
45223,45222,0,
45225,45224,0,
45229,45228,0,
45239,45238,0,
45240,45238,0,
45240,45239,0,
45242,45241,0,
45244,45243,0,
45246,45245,0,
45248,45247,0,
45253,45252,0,
45255,45254,0,
45257,45256,0,
45260,45259,0,
45262,45261,0,
45264,45263,0,
45268,45267,0,
45271,45270,0,
45273,45272,0,
45277,45276,0,
45280,45279,0,
45282,45281,0,
45284,45283,0,
45286,45285,0,
45290,45289,0,
45291,45289,0,
45291,45290,0,
45293,45292,0,
45297,45296,0,
45300,45299,0,
45302,45301,0,
45304,45303,0,
45306,45305,0,
45308,45307,0,
45310,45309,0,
45312,45311,0,
45315,45314,0,
45321,45320,0,
45322,45320,0,
45322,45321,0,
45323,45320,0,
45323,45321,0,
45323,45322,0,
45325,45324,0,
45327,45324,0,
45327,45325,0,
45327,45326,0,
45329,45328,0,
45332,45331,0,
45334,45333,0,
45336,45335,0,
45339,45338,0,
45341,45340,0,
45343,45342,0,
45345,45344,0,
45347,45342,0,
45347,45343,0,
45348,45343,0,
45348,45347,0,
45350,45349,0,
45352,45351,0,
45356,45355,0,
45358,45357,0,
45365,45364,0,
45369,45367,0,
45372,45371,0,
45374,45373,0,
45376,45375,0,
45377,45371,0,
45377,45372,0,
45378,45371,0,
45378,45372,0,
45378,45377,0,
45381,45380,0,
45385,45384,0,
45387,45386,0,
45389,45388,0,
45391,45390,0,
45393,45392,0,
45394,45392,0,
45395,45394,0,
45397,45396,0,
45399,45398,0,
45401,45400,0,
45402,45400,0,
45402,45401,0,
45405,45403,0,
45405,45404,0,
45407,45406,0,
45409,45408,0,
45411,45410,0,
45414,45413,0,
45416,45415,0,
45417,45415,0,
45417,45416,0,
45419,45418,0,
45422,45421,0,
45423,45421,0,
45423,45422,0,
45425,45424,0,
45427,45426,0,
45429,45428,0,
45430,45428,0,
45430,45429,0,
45431,45430,0,
45433,45432,0,
45434,45433,0,
45435,45433,0,
45435,45434,0,
45438,45437,0,
45440,45439,0,
45442,45441,0,
45443,45441,0,
45443,45442,0,
45444,45441,0,
45444,45442,0,
45444,45443,0,
45446,45445,0,
45448,45447,0,
45450,45449,0,
45452,45451,0,
45455,45454,0,
45456,45454,0,
45456,45455,0,
45459,45458,0,
45461,45460,0,
45463,45462,0,
45465,45464,0,
45467,45466,0,
45469,45468,0,
45470,45468,0,
45470,45469,0,
45473,45472,0,
45475,45474,0,
45477,45476,0,
45479,45478,0,
45481,45480,0,
45483,45482,0,
45485,45484,0,
45487,45486,0,
45490,45489,0,
45491,45488,0,
45492,45491,0,
45493,45492,0,
45495,45494,0,
45497,45496,0,
45499,45498,0,
45501,45500,0,
45503,45502,0,
45505,45504,0,
45507,45506,0,
45508,45504,0,
45508,45505,0,
45509,45504,0,
45509,45505,0,
45509,45508,0,
45511,45510,0,
45513,45512,0,
45515,45514,0,
45517,45516,0,
45519,45518,0,
45521,45520,0,
45522,45520,0,
45522,45521,0,
45523,45518,0,
45523,45519,0,
45523,45520,0,
45523,45521,0,
45523,45522,0,
45525,45524,0,
45526,45524,0,
45526,45525,0,
45527,45524,0,
45527,45525,0,
45527,45526,0,
45531,45530,0,
45533,45528,0,
45535,45534,0,
45538,45537,0,
45540,45539,0,
45542,45541,0,
45544,45543,0,
45546,45545,0,
45548,45547,0,
45550,45549,0,
45552,45551,0,
45555,45554,0,
45557,45556,0,
45558,45556,0,
45558,45557,0,
45560,45559,0,
45563,45562,0,
45566,45565,0,
45568,45567,0,
45570,45569,0,
45571,45569,0,
45571,45570,0,
45573,45572,0,
45576,45575,0,
45579,45578,0,
45581,45580,0,
45584,45583,0,
45586,45585,0,
45589,45588,0,
45591,45590,0,
45592,45582,0,
45593,45582,0,
45593,45592,0,
45594,45582,0,
45594,45592,0,
45594,45593,0,
45596,45595,0,
45598,45597,0,
45600,45599,0,
45607,45606,0,
45609,45608,0,
45611,45610,0,
45613,45612,0,
45615,45614,0,
45616,45612,0,
45616,45613,0,
45618,45617,0,
45620,45619,0,
45622,45621,0,
45624,45623,0,
45627,45626,0,
45629,45628,0,
45631,45630,0,
45633,45632,0,
45635,45634,0,
45638,45637,0,
45640,45639,0,
45642,45641,0,
45644,45643,0,
45646,45645,0,
45650,45649,0,
45652,45651,0,
45655,45654,0,
45656,45654,0,
45656,45655,0,
45657,45654,0,
45657,45655,0,
45657,45656,0,
45660,45659,0,
45661,45659,0,
45661,45660,0,
45662,45659,0,
45662,45660,0,
45662,45661,0,
45664,45663,0,
45666,45665,0,
45668,45667,0,
45672,45671,0,
45675,45674,0,
45677,45676,0,
45679,45678,0,
45683,45682,0,
45690,45689,0,
45691,45688,0,
45692,45688,0,
45693,45688,0,
45693,45691,0,
45693,45692,0,
45696,45695,0,
45698,45697,0,
45700,45699,0,
45702,45701,0,
45704,45703,0,
45705,45703,0,
45705,45704,0,
45709,45708,0,
45711,45710,0,
45713,45712,0,
45716,45715,0,
45719,45718,0,
45720,45718,0,
45720,45719,0,
45721,45717,0,
45722,45718,0,
45722,45719,0,
45722,45720,0,
45724,45723,0,
45727,45726,0,
45729,45728,0,
45734,45733,0,
45735,45733,0,
45735,45734,0,
45737,45734,0,
45737,45735,0,
45739,45738,0,
45742,45740,0,
45745,45744,0,
45747,45746,0,
45749,45748,0,
45752,45750,0,
45754,45753,0,
45756,45755,0,
45759,45758,0,
45761,45760,0,
45763,45762,0,
45766,45765,0,
45768,45767,0,
45770,45769,0,
45772,45769,0,
45772,45770,0,
45774,45773,0,
45776,45775,0,
45778,45777,0,
45782,45781,0,
45784,45783,0,
45787,45786,0,
45789,45788,0,
45791,45790,0,
45795,45794,0,
45797,45796,0,
45800,45799,0,
45804,45803,0,
45806,45805,0,
45815,45814,0,
45817,45816,0,
45819,45818,0,
45823,45822,0,
45825,45824,0,
45827,45826,0,
45829,45828,0,
45832,45831,0,
45834,45833,0,
45836,45835,0,
45838,45837,0,
45840,45839,0,
45843,45842,0,
45844,45841,0,
45845,45843,0,
45845,45844,0,
45847,45846,0,
45849,45848,0,
45851,45850,0,
45853,45852,0,
45858,45857,0,
45860,45859,0,
45862,45861,0,
45865,45864,0,
45867,45866,0,
45869,45868,0,
45874,45873,0,
45877,45876,0,
45879,45878,0,
45881,45880,0,
45883,45882,0,
45885,45884,0,
45889,45888,0,
45890,45888,0,
45890,45889,0,
45891,45888,0,
45891,45889,0,
45891,45890,0,
45894,45893,0,
45896,45895,0,
45898,45897,0,
45900,45899,0,
45904,45903,0,
45909,45908,0,
45911,45910,0,
45914,45913,0,
45916,45915,0,
45918,45917,0,
45920,45919,0,
45922,45921,0,
45925,45924,0,
45927,45926,0,
45930,45929,0,
45931,45929,0,
45931,45930,0,
45933,45932,0,
45935,45934,0,
45937,45936,0,
45940,45939,0,
45944,45943,0,
45945,45943,0,
45945,45944,0,
45948,45947,0,
45951,45947,0,
45951,45948,0,
45952,45947,0,
45952,45951,0,
45954,45953,0,
45958,45957,0,
45961,45960,0,
45963,45962,0,
45965,45964,0,
45966,45964,0,
45966,45965,0,
45968,45967,0,
45969,45967,0,
45969,45968,0,
45970,45967,0,
45970,45968,0,
45970,45969,0,
45972,45971,0,
45975,45974,0,
45977,45976,0,
45979,45978,0,
45981,45980,0,
45983,45982,0,
45985,45984,0,
45987,45986,0,
45989,45988,0,
45991,45990,0,
45993,45992,0,
45995,45994,0,
45999,45998,0,
46002,45802,0,
46003,45807,0,
46004,45807,0,
46004,46003,0,
46009,46008,0,
46011,46010,0,
46013,46012,0,
46015,46014,0,
46017,46016,0,
46019,45243,0,
46019,45244,0,
46020,44611,0,
46022,45604,0,
46024,45612,0,
46024,45613,0,
46024,45616,0,
46025,45616,0,
46025,46024,0,
46027,45732,0,
46032,45926,0,
46032,45927,0,
46035,45534,0,
46035,45535,0,
46037,46036,0,
46038,45785,0,
46039,45338,0,
46039,45339,0,
46041,46040,0,
46043,46042,0,
46044,44551,0,
46047,46046,0,
46049,46048,0,
46054,45238,0,
46054,45239,0,
46054,45240,0,
46055,45129,0,
46056,45129,0,
46056,46055,0,
46058,46057,0,
46061,46060,0,
46064,46063,0,
46066,45641,0,
46066,45642,0,
46073,46072,0,
46075,46074,0,
46077,46076,0,
46078,45682,0,
46078,45683,0,
46080,46079,0,
46082,46081,0,
46084,46083,0,
46086,46085,0,
46090,46089,0,
46097,46096,0,
46104,44872,0,
46105,45996,0,
46106,45439,0,
46106,45440,0,
46107,44604,0,
46107,44605,0,
46108,44774,0,
46108,44775,0,
46110,46109,0,
46112,46111,0,
46115,46114,0,
46116,45380,0,
46116,45381,0,
46120,44721,0,
46121,44721,0,
46121,46120,0,
46126,44930,0,
46128,45346,0,
46129,45695,0,
46129,45696,0,
46131,46130,0,
46133,46132,0,
46135,44899,0,
46135,44904,0,
46135,44905,0,
46135,44906,0,
46138,46137,0,
46143,45186,0,
46144,45186,0,
46144,46143,0,
46145,45370,0,
46146,45707,0,
46151,46150,0,
46154,45586,0,
46156,46155,0,
46158,45063,0,
46158,45064,0,
46159,45063,0,
46159,45064,0,
46159,46158,0,
46164,46163,0,
46166,46165,0,
46168,46167,0,
46170,46169,0,
46172,44918,0,
46177,45732,0,
46180,46179,0,
46182,46181,0,
46183,46160,0,
46189,46188,0,
46191,46190,0,
46194,46193,0,
46197,46196,0,
46198,46196,0,
46198,46197,0,
46199,46196,0,
46199,46197,0,
46199,46198,0,
46200,44684,0,
46203,46202,0,
46205,45772,0,
46206,45772,0,
46206,46205,0,
46211,46034,0,
46212,46211,0,
46214,46213,0,
46216,46215,0,
46219,46218,0,
46228,44977,0,
46230,46070,0,
46239,45769,0,
46239,45770,0,
46239,45772,0,
46239,46205,0,
46239,46206,0,
46240,46119,0,
46241,45580,0,
46242,45580,0,
46242,45581,0,
46242,46241,0,
46243,45673,0,
46244,44993,0,
46244,44994,0,
46245,46109,0,
46245,46110,0,
46246,46109,0,
46246,46110,0,
46246,46245,0,
46247,44624,0,
46247,44625,0,
46251,45588,0,
46251,45589,0,
46251,45593,0,
46252,46023,0,
46254,45585,0,
46254,45586,0,
46254,46154,0,
46255,46253,0,
46256,45732,0,
46256,46177,0,
46257,45364,0,
46257,45365,0,
46260,46259,0,
46261,45564,0,
46263,44603,0,
46266,44844,0,
46266,44848,0,
46267,44846,0,
46269,44945,0,
46269,44946,0,
46270,44945,0,
46270,44946,0,
46270,44947,0,
46270,46269,0,
46271,46053,0,
46275,45118,0,
46275,45119,0,
46275,45121,0,
46283,45813,0,
46286,46285,0,
46288,45950,0,
46289,45950,0,
46289,46288,0,
46293,44820,0,
46293,44825,0,
46294,45161,0,
46294,45162,0,
46294,45163,0,
46295,45498,0,
46295,45499,0,
46297,46296,0,
46299,46160,0,
46299,46183,0,
46300,45169,0,
46301,44724,0,
46302,44724,0,
46302,46301,0,
46303,45855,0,
46305,46001,0,
46306,45839,0,
46306,45840,0,
46307,45839,0,
46307,45840,0,
46307,46306,0,
46308,46088,0,
46309,46091,0,
46310,46094,0,
46311,46142,0,
4703255,46201,0,
4703256,46190,0,
4703256,46191,0,
4703364,46118,0,
